6.099999999999999867e-02 4.000000000000000083e-02
1.219999999999999973e-01 8.000000000000000167e-02
1.829999999999999960e-01 1.199999999999999956e-01
2.439999999999999947e-01 1.610000000000000042e-01
3.059999999999999942e-01 2.010000000000000120e-01
3.669999999999999929e-01 2.409999999999999920e-01
4.279999999999999916e-01 2.810000000000000275e-01
4.889999999999999902e-01 3.210000000000000075e-01
5.500000000000000444e-01 3.609999999999999876e-01
6.109999999999999876e-01 4.020000000000000240e-01
6.720000000000000417e-01 4.420000000000000040e-01
7.329999999999999849e-01 4.819999999999999840e-01
7.950000000000000400e-01 5.220000000000000195e-01
8.559999999999999831e-01 5.620000000000000551e-01
9.170000000000000373e-01 6.019999999999999796e-01
9.779999999999999805e-01 6.430000000000000160e-01
1.038999999999999924e+00 6.830000000000000515e-01
1.100000000000000089e+00 7.229999999999999760e-01
1.161000000000000032e+00 7.630000000000000115e-01
1.221999999999999975e+00 8.030000000000000471e-01
1.284000000000000030e+00 8.429999999999999716e-01
1.344999999999999973e+00 8.840000000000000080e-01
1.405999999999999917e+00 9.240000000000000435e-01
1.467000000000000082e+00 9.639999999999999680e-01
1.528000000000000025e+00 1.004000000000000004e+00
1.588999999999999968e+00 1.044000000000000039e+00
1.649999999999999911e+00 1.084000000000000075e+00
1.711000000000000076e+00 1.125000000000000000e+00
1.772999999999999909e+00 1.165000000000000036e+00
1.834000000000000075e+00 1.205000000000000071e+00
1.895000000000000018e+00 1.245000000000000107e+00
1.955999999999999961e+00 1.284999999999999920e+00
2.016999999999999904e+00 1.324999999999999956e+00
2.077999999999999847e+00 1.366000000000000103e+00
2.138999999999999790e+00 1.405999999999999917e+00
2.200000000000000178e+00 1.445999999999999952e+00
2.261000000000000121e+00 1.485999999999999988e+00
2.322999999999999954e+00 1.526000000000000023e+00
2.383999999999999897e+00 1.566000000000000059e+00
2.444999999999999840e+00 1.606999999999999984e+00
2.505999999999999783e+00 1.647000000000000020e+00
2.567000000000000171e+00 1.687000000000000055e+00
2.628000000000000114e+00 1.727000000000000091e+00
2.689000000000000057e+00 1.766999999999999904e+00
2.750000000000000000e+00 1.806999999999999940e+00
2.811999999999999833e+00 1.848000000000000087e+00
2.873000000000000220e+00 1.887999999999999901e+00
2.934000000000000163e+00 1.927999999999999936e+00
2.995000000000000107e+00 1.967999999999999972e+00
3.056000000000000050e+00 2.008000000000000007e+00
3.116999999999999993e+00 2.048000000000000043e+00
3.177999999999999936e+00 2.088999999999999968e+00
3.238999999999999879e+00 2.129000000000000004e+00
3.301000000000000156e+00 2.169000000000000039e+00
3.362000000000000099e+00 2.209000000000000075e+00
3.423000000000000043e+00 2.249000000000000110e+00
3.483999999999999986e+00 2.289000000000000146e+00
3.544999999999999929e+00 2.330000000000000071e+00
3.605999999999999872e+00 2.370000000000000107e+00
3.666999999999999815e+00 2.410000000000000142e+00
3.728000000000000203e+00 2.450000000000000178e+00
3.790000000000000036e+00 2.490000000000000213e+00
3.850999999999999979e+00 2.529999999999999805e+00
3.911999999999999922e+00 2.571000000000000174e+00
3.972999999999999865e+00 2.611000000000000210e+00
4.033999999999999808e+00 2.650999999999999801e+00
4.094999999999999751e+00 2.690999999999999837e+00
4.155999999999999694e+00 2.730999999999999872e+00
4.216999999999999638e+00 2.770999999999999908e+00
4.277999999999999581e+00 2.811999999999999833e+00
4.339999999999999858e+00 2.851999999999999869e+00
4.400999999999999801e+00 2.891999999999999904e+00
4.461999999999999744e+00 2.931999999999999940e+00
4.522999999999999687e+00 2.971999999999999975e+00
4.583999999999999631e+00 3.012000000000000011e+00
4.644999999999999574e+00 3.052999999999999936e+00
4.706000000000000405e+00 3.092999999999999972e+00
4.767000000000000348e+00 3.133000000000000007e+00
4.828999999999999737e+00 3.173000000000000043e+00
4.889999999999999680e+00 3.213000000000000078e+00
4.950999999999999623e+00 3.253000000000000114e+00
5.011999999999999567e+00 3.294000000000000039e+00
5.073000000000000398e+00 3.334000000000000075e+00
5.134000000000000341e+00 3.374000000000000110e+00
5.195000000000000284e+00 3.414000000000000146e+00
5.256000000000000227e+00 3.454000000000000181e+00
5.317999999999999616e+00 3.494000000000000217e+00
5.378999999999999559e+00 3.535000000000000142e+00
5.440000000000000391e+00 3.575000000000000178e+00
5.501000000000000334e+00 3.615000000000000213e+00
5.562000000000000277e+00 3.654999999999999805e+00
5.623000000000000220e+00 3.694999999999999840e+00
5.684000000000000163e+00 3.734999999999999876e+00
5.745000000000000107e+00 3.775999999999999801e+00
5.807000000000000384e+00 3.815999999999999837e+00
5.868000000000000327e+00 3.855999999999999872e+00
5.929000000000000270e+00 3.895999999999999908e+00
5.990000000000000213e+00 3.935999999999999943e+00
6.051000000000000156e+00 3.975999999999999979e+00
6.112000000000000099e+00 4.017000000000000348e+00
